       0.1   120.312   122.130   254.892   433.517
       0.2    15.954    16.143    31.872    54.190
       0.3     4.809     4.857     9.444    16.056
       0.4     2.050     2.068     3.985     6.774
       0.5     1.059     1.067     2.041     3.468
       0.6     0.618     0.622     1.181     2.007
       0.7     0.393     0.395     0.743     1.264
       0.8     0.266     0.267     0.498     0.847
       0.9     0.189     0.190     0.350     0.595
       1.0     0.139     0.140     0.255     0.434
