   1.0000000116860974        211.61784839456132        213.53170244122683     
   2.0000000233721948        32.105976821791323        32.456871467499148     
   3.0000001061125658        10.055184201733907        10.158833749154237     
   4.0000000467443897        4.2705256675109817        4.3111292080493868     
   4.9999999873762135        2.1494733198803093        2.1684266003250579     
   6.0000002122251317        1.2059190383459664        1.2158760409287033     
   6.9999998686398612       0.72940105950965162       0.73509334977663765     
   8.0000000934887794       0.46612303059240784       0.46958922434512956     
   9.0000003183376975       0.31061630269908125       0.31283241660457645     
   9.9999999747524271       0.21386824775673857       0.21534071849023409     
