   5.0000000000000000        3.0925328061011315E+017   1.4882882381064634E+017   3.3373507526170675E+017
   39.622329811527841        28492494072893340.        18780927890730408.        42114519369387280.     
   94.495024636961787        12164855389910520.        7874955553603502.0        17658870217956822.     
   181.46238511778822        6308516962441173.0        4100817470073692.0        9195709486689774.0     
   319.29636271016170        3538291273749767.5        2330574995390731.0        5226102051832516.0     
   537.74849548615214        2069114979755619.5        1383814413795008.2        3103077721843350.5     
   883.97179360143070        1249125881167843.0        841818850369275.75        1887702060596856.8     
   1432.6987418557703        797936934767932.50        519400273976323.56        1164707783660432.2     
   2302.3723466640349        485895661582158.69        323207547258319.25        724763472198700.38     
   3680.7121225877704        300096456476273.50        202173952824635.28        453356665954546.75     
   5865.2334503476750        195377994040938.69        126873742591961.34        284502806293615.31     
   9327.4664315004611        120071971323434.80        79779876396995.516        178899102813847.88     
   14814.735914043858        74567503011758.766        50229995545637.078        112636187758831.86     
   23511.471962126507        48750264188554.422        31650256526828.340        70972816101240.422     
   37294.869721363866        30028986718071.641        19952988826850.863        44742759205976.883     
   59140.082998962920        18678603553031.309        12582737138579.492        28215641414516.699     
   93762.412810490787        12220628317961.260        7936486447339.5654        17796847632348.629     
   148635.10763592477        7532296416424.9482        5006516495839.4443        11226657011729.699     
   235602.46811675126        4688285728799.1016        3158473354343.6611        7082588671186.4355     
   373436.44570912485        3066996603884.0732        1992692801039.4158        4468432012993.4248     
   591888.57848511543        1890766339598.9280        1257236822713.8521        2819239000553.5723     
   938111.87660039426        1177352323460.3464        793236001464.84534        1778759441311.3843     
   1486838.8248547344        769943727977.61816        500487408910.64020        1122297399434.7236     
   2356512.4296629997        474712825566.66711        315781956757.18445        708112254397.83215     
   3734852.2055867361        295704568617.60132        199243251850.25476        446784828317.38281     
   5919373.5333466427        193301860675.33264        125713317883.78178        281900651865.70886     
   9381606.5144994315        119191750910.21967        79319471199.277832        177866678348.37119     
   14868875.997042833        74272448526.470795        50047094202.606697        112226040399.75380     
   23565612.045125488        48531162371.002617        31577537163.437962        70809741791.094238     
   37349009.804362856        29927355109.107006        19924060065.525517        44677881330.513496     
   59194223.081961930        18655425951.113735        12571223279.546661        28189814870.502090     
   93816552.893489838        12184476835.434597        7931900958.4704933        17786557327.078766     
   148689247.71892390        7514383612.5889120        5004688079.6269941        11222549190.660391     
   235656608.19975048        4685839156.2296610        3157742257.0317469        7080941487.7707787     
   373490585.79212421        3059092179.1166391        1992398481.0623667        4467764262.9704237     
   591942718.56811500        1886771938.0623364        1257116368.5518694        2818961128.8102899     
   938166016.68339407        1244593912.8207114        793184759.92474115        1778636772.6180396     
   1486892964.9377346        768024432.65816522        500463720.26869524        1122236515.6878123     
   2356566569.7460008        473742640.87439865        315769236.85654706        708075967.18545318     
   3734906345.6697383        312497737.96910948        199234898.65255871        446758333.24713027     
   5919427673.4296465        192816808.90248689        125706703.14927198        281878055.47148156     
   9381660654.5824375        127269826.10622686        79313548.659105495        177845634.66102630     
   14868930137.125843        80335758.381398052        50041447.394084327        112205615.84613083     
   23565666185.208504        48402175.549703263        31572000.387291994        70789565.291220069     
   37349063944.445885        31961776.872833524        19918567.509023488        44657806.074456103     
   59194277222.044975        20147155.664319266        12565748.984782584        28169783.867949035     
   93816607033.572906        12711242.991174314        7926434.9755688189        17766550.193984654     
   148689301859.00699        8021153.3240722064        4999227.0555603309        11202561.456659203     
   235656662339.83365        5053359.9670886267        3152285.8188483226        7060977.1315140994     
   373490639932.20752        3185568.7354829432        1986948.0002063052        4447833.9495620029     
   591942772708.19849        2005781.1302763473        1251674.7883877766        2799083.3841303568     
   938166070823.47791        1262014.4869995140        787757.02306863782        1758841.3244231553     
   1486893019077.8188        792890.86740188627        495057.69934359612        1102569.9344933322     
   2356566623886.0854        496598.39100509335        310397.24827312416        688610.15849270241     
   3734906399809.8242        309871.76392149448        193915.96722520795        427602.44659264258     
   5919427727569.7344        192185.82913260898        120469.74557465242        263193.65699767479     
   9381660708722.5293        117987.99758968201        74201.462722299504        159862.78618127308     
   14868930191265.941        71423.015501459304        45115.529037182860        95232.912858542040     
   23565666239348.613        42343.767935094846        26914.909542145582        55204.627757887924     
   37349063998586.008        24354.670378529961        15632.286982366202        30861.292092155105     
   59194277276185.117        13472.803247926920        8759.8916872664395        16497.232840131670     
   93816607087713.078        7099.5043720456979        4694.9107429691503        8384.8719241988256     
   148689301913147.22        3542.4576826090324        2391.8101283595793        4048.8621250081574     
   235656662393973.97        1675.1615267740469        1156.5116032923024        1866.3590670109443     
   373490639986347.94        757.75235580335720        532.83880566991832        828.94674780614139     
   591942772762339.12        332.94524914811399        235.86537351998911        359.19117153002179     
   938166070877618.88        144.84055500399268        101.42568448585146        154.23770723565400     
   1486893019131960.5        64.010492627879017        42.939798382229498        67.089263189089479     
   2356566623940228.0        29.807484981262238        18.229372269817496        30.548557464542561     
   3734906399863968.0        15.209328756230223        8.0000889717167674        15.156798003167188     
   5919427727623880.0        8.6361053218121810        3.8233934621873398        8.3985207030972671     
   9381660708776678.0        5.3692475428831710        2.1334073144328842        5.1610773446387670     
   14868930191320094.        3.5753678179906943        1.4536096138508212        3.4492335519750132     
   23565666239402772.        2.5199855062241356        1.1811913043935651        2.4782750172826842     
   37349063998640176.        1.8755510081639533        1.0722866290991688        1.9055641766028288     
   59194277276239296.        1.4823799608667496        1.0288164084743117        1.5601536563477825     
   93816607087767280.        1.2525391934863865        1.0114817316887259        1.3488090016574024     
   1.4868930191320144E+017   1.1267753998638632        1.0045734028428959        1.2181931802123367     
   2.3565666239402826E+017   1.0622827608789023        1.0018213186865517        1.1369038904514961     
   3.7349063998640237E+017   1.0305385987822477        1.0007252343992175        1.0860714707098584     
   5.9194277276239373E+017   1.0149853059236857        1.0002887598041772        1.0541833913195020     
   9.3816607087767373E+017   1.0072633645357341        1.0001149670942318        1.0341377705272723     
   1.4868930191320156E+018   1.0034330046992848        1.0000457716729192        1.0215196495845305     
   2.3565666239402839E+018   1.0015783429377947        1.0000182226462433        1.0135700707120965     
   3.7349063998640251E+018   1.0007090509520293        1.0000072547206369        1.0085589824096690     
   5.9194277276239391E+018   1.0003115671946885        1.0000028881951162        1.0053990963617958     
   9.3816607087767409E+018   1.0001334188931863        1.0000011498209347        1.0034060990311566     
   1.4868930191320162E+019   1.0000556489134484        1.0000004577544077        1.0021489038904146     
   2.3565666239402848E+019   1.0000227283507641        1.0000001822359272        1.0013557873287018     
   3.7349063998640267E+019   1.0000091601299936        1.0000000725495839        1.0008554123731137     
   5.9194277276239421E+019   1.0000036663389900        1.0000000288825484        1.0005397161383160     
   9.3816607087767454E+019   1.0000014628505745        1.0000000114983594        1.0003405328525246     
   1.4868930191320170E+020   1.0000005828970919        1.0000000045775819        1.0002148597101976     
   2.3565666239402862E+020   1.0000002321395134        1.0000000018223687        1.0001355665182838     
   3.7349063998640285E+020   1.0000000924298589        1.0000000007254981        1.0000855363743160     
   5.9194277276239449E+020   1.0000000367991986        1.0000000002888261        1.0000539696777675     
   9.3816607087767493E+020   1.0000000146504349        1.0000000001149838        1.0000340525144737     
   1.4868930191320175E+021   1.0000000058325806        1.0000000000457758        1.0000214856641627     
   2.3565666239402869E+021   1.0000000023220810        1.0000000000182236        1.0000135565296653     
   3.7349063998640300E+021   1.0000000009245495        1.0000000000072551        1.0000085535887973     
