   246661541224290.09        11.599760462629302        11.854887449897124     
   493323082448580.19        11.549909041517857        11.809801691591803     
   739984623672870.38        11.468133273056910        11.735487977312102     
   986646164897160.38        11.356116318260481        11.633154445663493     
   1233307706121450.5        11.216136344606937        11.504423893342180     
   1479969247345740.8        11.050898167349228        11.351271312563592     
   1726630788570030.5        10.863397431960120        11.175951535524359     
   1973292329794320.8        10.656789619447759        10.980921681290774     
   2219953871018611.0        10.434270335299811        10.768762994393450     
   2466615412242901.0        10.198972702315478        10.542106166210033     
   2713276953467191.0        9.9538850786330215        10.303563449724042     
   2959938494691481.5        9.7017898882061502        10.055669943099522     
   3206600035915771.5        9.4452224847509303        9.8008354507748709     
   3453261577140061.0        9.1864477481974287        9.5413074340960033     
   3699923118364352.0        8.9274514685582691        9.2791448077548804     
   3946584659588641.5        8.6699433808968536        9.0162017615557293     
   4193246200812931.5        8.4153688413269734        8.7541203981985163     
   4439907742037222.0        8.1649264561811918        8.4943307635179561     
   4686569283261512.0        7.9195893971647964        8.2380567784614218     
   4933230824485802.0        7.6801285831994317        7.9863266279029697     
   5179892365710093.0        7.4471363375351922        7.7399862853634191     
   5426553906934382.0        7.2210495091065328        7.4997150233939145     
   5673215448158672.0        7.0021713673839896        7.2660419509349783     
   5919876989382963.0        6.7906918376760492        7.0393628119030671     
   6166538530607253.0        6.5867058428188123        6.8199564602192586     
   6413200071831543.0        6.3902296646870465        6.6080005873935468     
   6659861613055833.0        6.2012153435202491        6.4035864157010103     
   6906523154280122.0        6.0195632032454354        6.2067321820701791     
   7153184695504414.0        5.8451326346186754        6.0173953262278896     
   7399846236728704.0        5.6777512918298925        5.8354833638047561     
   7646507777952993.0        5.5172228677585569        5.6608634739904362     
   7893169319177283.0        5.3633336127230677        5.4933708650812800     
   8139830860401573.0        5.2158577547159197        5.3328160028961777     
   8386492401625863.0        5.0745619682850656        5.1789907992648097     
   8633153942850153.0        4.9392090262432946        5.0316738629563309     
   8879815484074444.0        4.8095607545530115        4.8906349154616633     
   9126477025298734.0        4.6853803969168881        4.7556384705384449     
   9373138566523024.0        4.5664344823701928        4.6264468706047710     
   9619800107747314.0        4.4524942768564326        4.5028227658653259     
   9866461648971604.0        4.3433368885513799        4.3845311141681833     
   10113123190195894.        4.2387460866490603        4.2713407715237226     
   10359784731420186.        4.1385128844301775        4.1630257353155704     
   10606446272644474.        4.0424359296461407        4.0593660947255881     
   10853107813868764.        3.9503217384894773        3.9601487359196446     
   11099769355093054.        3.8619848035909867        3.8651678431718972     
   11346430896317344.        3.7772476014861760        3.7742252313693028     
   11593092437541634.        3.6959405207317308        3.6871305402299202     
   11839753978765926.        3.6179017282342776        3.6037013160616080     
   12086415519990216.        3.5429769882940083        3.5237630029423865     
   12333077061214506.        3.4710194462868751        3.4471488617732531     
   12579738602438794.        3.4018893867433104        3.3736998326889456     
   12826400143663086.        3.3354539737676956        3.3032643537620912     
   13073061684887376.        3.2715869802280468        3.2356981467535757     
   13319723226111666.        3.2101685108844538        3.1708639788014983     
   13566384767335956.        3.1510847235776356        3.1086314073616803     
   13813046308560244.        3.0942275517321840        3.0488765143765599     
   14059707849784536.        3.0394944307133347        2.9914816345232156     
   14306369391008828.        2.9867880299878369        2.9363350814452449     
   14553030932233116.        2.9360159925564924        2.8833308750814446     
   14799692473457408.        2.8870906827324148        2.8323684725437053     
