   0.0000000000000000        11.620790280724311        11.869999999999999     
   31.697863849222273        11.620790280724311        11.869999999999999     
   81.935592479413884        11.620790280724311        11.869999999999999     
   161.55702659011337        11.620790280724311        11.869999999999999     
   287.74849548615208        11.620790280724311        11.869999999999999     
   487.74849548615219        11.620790280724311        11.869999999999999     
   804.72713397837504        11.620790280724311        11.869999999999999     
   1307.1044202802914        11.620790280724311        11.869999999999999     
   2103.3187613872865        11.620790280724311        11.869999999999999     
   3365.2334503476741        11.620790280724311        11.869999999999999     
   5365.2334503476759        11.620790280724311        11.869999999999999     
   8535.0198352699063        11.620790280724311        11.869999999999999     
   13558.792698289071        11.620790280724311        11.869999999999999     
   21520.936109359023        11.620790280724311        11.869999999999999     
   34140.082998962906        11.620790280724311        11.869999999999999     
   54140.082998962927        11.620790280724311        11.869999999999999     
   85837.946848185238        11.620790280724311        11.869999999999999     
   136075.67547837691        11.620790280724311        11.869999999999999     
   215697.10958907648        11.620790280724311        11.869999999999999     
   341888.57848511531        11.620790280724311        11.869999999999999     
   541888.57848511566        11.620790280724311        11.869999999999999     
   858867.21697733889        11.620790280724311        11.869999999999999     
   1361244.5032792557        11.620790280724311        11.869999999999999     
   2157458.8443862516        11.620790280724311        11.869999999999999     
   3419373.5333466404        11.620790280724311        11.869999999999999     
   5419373.5333466446        11.620790280724309        11.869999999999999     
   8589159.9182688780        11.620790280724309        11.869999999999999     
   13612932.781288048        11.620790280724306        11.869999999999999     
   21575076.192358010        11.620790280724297        11.869999999999999     
   34194223.081961900        11.620790280724275        11.869999999999999     
   54194223.081961945        11.620790280724222        11.869999999999999     
   85892086.931184292        11.620790280724083        11.869999999999997     
   136129815.56137601        11.620790280723742        11.869999999999994     
   215751249.67207566        11.620790280722879        11.869999999999989     
   341942718.56811464        11.620790280720717        11.869999999999971     
   541942718.56811512        11.620790280715289        11.869999999999925     
   858921357.06033862        11.620790280701652        11.869999999999816     
   1361298643.3622561        11.620790280667403        11.869999999999537     
   2157512984.4692526        11.620790280581364        11.869999999998841     
   3419427673.4296427        11.620790280365247        11.869999999997091     
   5419427673.4296484        11.620790279822396        11.869999999992693     
   8589214058.3518848        11.620790278458772        11.869999999981648     
   13612986921.371059        11.620790275033551        11.869999999953905     
   21575130332.441029        11.620790266429804        11.869999999884216     
   34194277222.044933        11.620790244818451        11.869999999709163     
   54194277222.044998        11.620790190534748        11.869999999269451     
   85892141071.267365        11.620790054190355        11.869999998164948     
   136129869701.45914        11.620789711772307        11.869999995390563     
   215751303812.15884        11.620788852057993        11.869999988421615     
   341942772708.19794        11.620786695079371        11.869999970916417     
   541942772708.19867        11.620781292871003        11.869999926945344     
   858921411200.42249        11.620767822355443        11.869999816495001     
   1361298697502.3403        11.620734597183437        11.869999539056300     
   2157513038609.3379        11.620654776583047        11.869998842161847     
   3419427727569.7290        11.620474256024240        11.869997091642524     
   5419427727569.7363        11.620113669188354        11.869992694539283     
   8589214112491.9756        11.619529741926190        11.869981649531057     
   13612986975511.156        11.618804061364273        11.869953905824079     
   21575130386581.133        11.618074389867141        11.869884217409629     
   34194277276185.051        11.617351323710251        11.869709171980857     
   54194277276185.133        11.616449700766406        11.869269502689379     
   85892141125407.531        11.614897480172539        11.868165260735120     
   136129869755599.34        11.611573311610032        11.865392522916254     
   215751303866299.12        11.603711908043772        11.858433976797585     
   341942772762338.31        11.584359803661334        11.840994275341513     
   541942772762339.19        11.536273631721539        11.797434613483276     
   858921411254563.25        11.417766684649846        11.689551138989430     
   1361298697556481.5        11.133364057110066        11.427865608080468     
   2157513038663479.5        10.491929440863435        10.823944226119156     
   3419427727623871.5        9.2219978646031215        9.5771061440183871     
   5419427727623881.0        7.2274813231458195        7.5065662386036358     
   8589214112546123.0        4.9628961123688837        5.0574503576626739     
   13612986975565308.        3.1401751848170663        3.0971556297557052     
   21575130386635292.        2.0297376824354649        1.9621703678931035     
   34194277276239220.        1.4657252473131899        1.4241567066768814     
   54194277276239320.        1.2073878388265742        1.1933492639581593     
   85892141125461760.        1.0947264949341218        1.0985994251339242     
   1.3612986975565362E+017   1.0455306504557866        1.0604091577030648     
   2.1575130386635347E+017   1.0227094548861300        1.0451298661735673     
   3.4194277276239283E+017   1.0112089223722516        1.0390350429682449     
   5.4194277276239392E+017   1.0052779841821764        1.0366067396895811     
   8.5892141125461837E+017   1.0023555037620646        1.0356397116895255     
   1.3612986975565371E+018   1.0010071641400864        1.0352546828612221     
   2.1575130386635361E+018   1.0004183912411639        1.0351013925077539     
   3.4194277276239299E+018   1.0001706895618625        1.0350403653117322     
   5.4194277276239411E+018   1.0000688506101265        1.0350160697560757     
   8.5892141125461862E+018   1.0000275842044086        1.0350063974908337     
   1.3612986975565375E+019   1.0000110121446932        1.0350025468878796     
   2.1575130386635366E+019   1.0000043891106043        1.0350010139344707     
   3.4194277276239307E+019   1.0000017481603820        1.0350004036546061     
   5.4194277276239430E+019   1.0000006960868335        1.0350001606977965     
   8.5892141125461901E+019   1.0000002771380927        1.0350000639749457     
   1.3612986975565382E+020   1.0000001103339839        1.0350000254688847     
   2.1575130386635378E+020   1.0000000439252770        1.0350000101393455     
   3.4194277276239325E+020   1.0000000174870511        1.0350000040365461     
   5.4194277276239456E+020   1.0000000069617336        1.0350000016069778     
   8.5892141125461934E+020   1.0000000027715181        1.0350000006397493     
   1.3612986975565387E+021   1.0000000011033616        1.0350000002546889     
   2.1575130386635384E+021   1.0000000004392562        1.0350000001013935     
   3.4194277276239334E+021   1.0000000001748710        1.0350000000403654     
